Timestamp, Position (X, Y, Z), Rotation (X, Y, Z, W)
0, 0, 3.442, 0, 0, 0, 0, 1
0.02, 0, 3.442, 0.09999999, 0, 0, 0, 1
0.0627219, 0, 3.442, 0.2, 0, 0, 0, 1
0.0844786, 0, 3.442, 0.4136095, 0, 0, 0, 1
0.0988251, 0, 3.442, 0.522393, 0, 0, 0, 1
0.1059777, 0, 3.442, 0.5941255, 0, 0, 0, 1
0.1141906, 0, 3.442, 0.6298885, 0, 0, 0, 1
0.1228737, 0, 3.442, 0.670953, 0, 0, 0, 1
0.1305853, 0, 3.442, 0.7143685, 0, 0, 0, 1
0.1386575, 0, 3.442, 0.7529265, 0, 0, 0, 1
0.146267, 0, 3.442, 0.7932875, 0, 0, 0, 1
0.152867, 0, 3.442, 0.831335, 0, 0, 0, 1
0.1767479, 0, 3.442, 0.864335, 0, 0, 0, 1
0.188094, 0, 3.442, 0.9837395, 0, 0, 0, 1
0.1981252, 0, 3.442, 1.04047, 0, 0, 0, 1
0.2145949, 0, 3.442, 1.090626, 0, 0, 0, 1
0.230511, 0, 3.442, 1.172974, 0, 0, 0, 1
0.238645, 0, 3.442, 1.252555, 0, 0, 0, 1
0.2458259, 0, 3.442, 1.293225, 0, 0, 0, 1
0.2638809, 0, 3.442, 1.32913, 0, 0, 0, 1
0.2715486, 0, 3.442, 1.419405, 0, 0, 0, 1
0.2796844, 0, 3.442, 1.457743, 0, 0, 0, 1
0.2868079, 0, 3.442, 1.498422, 0, 0, 0, 1
0.2945074, 0, 3.442, 1.53404, 0, 0, 0, 1
0.3038336, 0, 3.442, 1.572537, 0, 0, 0, 1
0.3235192, 0, 3.442, 1.619168, 0, 0, 0, 1
0.3348709, 0, 3.442, 1.717596, 0, 0, 0, 1
0.3424235, 0, 3.442, 1.774355, 0, 0, 0, 1
0.350635, 0, 3.442, 1.812118, 0, 0, 0, 1
0.3576656, 0, 3.442, 1.853175, 0, 0, 0, 1
0.3654941, 0, 3.442, 1.888328, 0, 0, 0, 1
0.3724355, 0, 3.442, 1.927471, 0, 0, 0, 1
0.3793078, 0, 3.442, 1.962178, 0, 0, 0, 1
0.386185, 0, 3.442, 1.996539, 0, 0, 0, 1
0.3933566, 0, 3.442, 2.030925, 0, 0, 0, 1
0.4005506, 0, 3.442, 2.066783, 0, 0, 0, 1
0.4073971, 0, 3.442, 2.102753, 0, 0, 0, 1
0.4147896, 0, 3.442, 2.136986, 0, 0, 0, 1
0.4242417, 0, 3.442, 2.173948, 0, 0, 0, 1
0.431674, 0, 3.442, 2.221209, 0, 0, 0, 1
0.4384948, 0, 3.442, 2.25837, 0, 0, 0, 1
0.4461155, 0, 3.442, 2.292474, 0, 0, 0, 1
0.4539403, 0, 3.442, 2.330578, 0, 0, 0, 1
0.4760195, 0, 3.442, 2.369702, 0, 0, 0, 1
0.4877926, 0, 3.442, 2.480098, 0, 0, 0, 1
0.4963381, 0, 3.442, 2.538963, 0, 0, 0, 1
0.5038476, 0, 3.442, 2.581691, 0, 0, 0, 1
0.5107601, 0, 3.442, 2.619238, 0, 0, 0, 1
0.5176177, 0, 3.442, 2.653801, 0, 0, 0, 1
0.5238283, 0, 3.442, 2.688089, 0, 0, 0, 1
0.5313336, 0, 3.442, 2.719142, 0, 0, 0, 1
0.5382232, 0, 3.442, 2.756669, 0, 0, 0, 1
0.5451306, 0, 3.442, 2.791116, 0, 0, 0, 1
0.5529339, 0, 3.442, 2.825654, 0, 0, 0, 1
0.5608421, 0, 3.442, 2.86467, 0, 0, 0, 1
0.5733447, 0, 3.442, 2.904211, 0, 0, 0, 1
0.5838582, 0, 3.442, 2.966724, 0, 0, 0, 1
0.5913031, 0, 3.442, 3.019292, 0, 0, 0, 1
0.602711, 0, 3.442, 3.056516, 0, 0, 0, 1
0.6131906, 0, 3.442, 3.113556, 0, 0, 0, 1
0.6350658, 0, 3.442, 3.165954, 0, 0, 0, 1
0.6490511, 0, 3.442, 3.27533, 0, 0, 0, 1
0.6578802, 0, 3.442, 3.345256, 0, 0, 0, 1
0.6653343, 0, 3.442, 3.389402, 0, 0, 0, 1
0.6726644, 0, 3.442, 3.426672, 0, 0, 0, 1
0.6797101, 0, 3.442, 3.463323, 0, 0, 0, 1
0.6870189, 0, 3.442, 3.498551, 0, 0, 0, 1
0.6956528, 0, 3.442, 3.535095, 0, 0, 0, 1
0.7081328, 0, 3.442, 3.578265, 0, 0, 0, 1
0.7157402, 0, 3.442, 3.640665, 0, 0, 0, 1
0.7235952, 0, 3.442, 3.678702, 0, 0, 0, 1
0.7304837, 0, 3.442, 3.717977, 0, 0, 0, 1
0.737213, 0, 3.442, 3.752419, 0, 0, 0, 1
0.7448017, 0, 3.442, 3.786066, 0, 0, 0, 1
0.7519453, 0, 3.442, 3.824009, 0, 0, 0, 1
0.7584119, 0, 3.442, 3.859727, 0, 0, 0, 1
0.7654762, 0, 3.442, 3.89206, 0, 0, 0, 1
0.7832579, 0, 3.442, 3.927382, 0, 0, 0, 1
0.7946909, 0, 3.442, 4.01629, 0, 0, 0, 1
0.8001199, 0, 3.442, 4.073455, 0, 0, 0, 1
0.8079928, 0, 3.442, 4.1006, 0, 0, 0, 1
0.8144737, 0, 3.442, 4.139965, 0, 0, 0, 1
0.8209043, 0, 3.442, 4.172369, 0, 0, 0, 1
0.8273216, 0, 3.442, 4.204522, 0, 0, 0, 1
0.835263, 0, 3.442, 4.236609, 0, 0, 0, 1
0.8419323, 0, 3.442, 4.276316, 0, 0, 0, 1
0.8487309, 0, 3.442, 4.309662, 0, 0, 0, 1
0.855099, 0, 3.442, 4.343655, 0, 0, 0, 1
0.8614065, 0, 3.442, 4.375495, 0, 0, 0, 1
0.8697798, 0, 3.442, 4.407033, 0, 0, 0, 1
0.8774624, 0, 3.442, 4.448899, 0, 0, 0, 1
0.885047, 0, 3.442, 4.487312, 0, 0, 0, 1
0.8926446, 0, 3.442, 4.525235, 0, 0, 0, 1
0.9004504, 0, 3.442, 4.563223, 0, 0, 0, 1
0.9068693, 0, 3.442, 4.602252, 0, 0, 0, 1
0.9132631, 0, 3.442, 4.634347, 0, 0, 0, 1
0.9203032, 0, 3.442, 4.666316, 0, 0, 0, 1
0.9521784, 0, 3.442, 4.701517, 0, 0, 0, 1
0.9661665, 0, 3.442, 4.860893, 0, 0, 0, 1
0.982865, 0, 3.442, 4.930833, 0, 0, 0, 1
0.9896041, 0, 3.442, 5.014326, 0, 0, 0, 1
0.9963612, 0, 3.442, 5.048021, 0, 0, 0, 1
1.002286, 0, 3.442, 5.081807, 0, 0, 0, 1
1.009073, 0, 3.442, 5.111429, 0, 0, 0, 1
1.015332, 0, 3.442, 5.145363, 0, 0, 0, 1
1.022086, 0, 3.442, 5.176659, 0, 0, 0, 1
1.028103, 0, 3.442, 5.210431, 0, 0, 0, 1
1.035208, 0, 3.442, 5.240513, 0, 0, 0, 1
1.050836, 0, 3.442, 5.276038, 0, 0, 0, 1
1.058071, 0, 3.442, 5.354181, 0, 0, 0, 1
1.06511, 0, 3.442, 5.390354, 0, 0, 0, 1
1.07233, 0, 3.442, 5.42555, 0, 0, 0, 1
1.092284, 0, 3.442, 5.461648, 0, 0, 0, 1
1.103591, 0, 3.442, 5.561422, 0, 0, 0, 1
1.11097, 0, 3.442, 5.617957, 0, 0, 0, 1
1.117212, 0, 3.442, 5.654851, 0, 0, 0, 1
1.123468, 0, 3.442, 5.68606, 0, 0, 0, 1
1.131563, 0, 3.442, 5.717339, 0, 0, 0, 1
1.138226, 0, 3.442, 5.757817, 0, 0, 0, 1
1.145136, 0, 3.442, 5.791131, 0, 0, 0, 1
1.152971, 0, 3.442, 5.825678, 0, 0, 0, 1
1.159257, 0, 3.442, 5.864854, 0, 0, 0, 1
1.165711, 0, 3.442, 5.896286, 0, 0, 0, 1
1.173888, 0, 3.442, 5.928554, 0, 0, 0, 1
1.181322, 0, 3.442, 5.969439, 0, 0, 0, 1
1.189231, 0, 3.442, 6.006611, 0, 0, 0, 1
1.197733, 0, 3.442, 6.046156, 0, 0, 0, 1
1.204305, 0, 3.442, 6.088665, 0, 0, 0, 1
1.211612, 0, 3.442, 6.121528, 0, 0, 0, 1
1.21831, 0, 3.442, 6.158062, 0, 0, 0, 1
1.22568, 0, 3.442, 6.191553, 0, 0, 0, 1
1.246069, 0, 3.442, 6.2284, 0, 0, 0, 1
1.256516, 0, 3.442, 6.330346, 0, 0, 0, 1
1.262377, 0, 3.442, 6.38258, 0, 0, 0, 1
1.268949, 0, 3.442, 6.411886, 0, 0, 0, 1
1.275226, 0, 3.442, 6.444746, 0, 0, 0, 1
1.281788, 0, 3.442, 6.476128, 0, 0, 0, 1
1.288922, 0, 3.442, 6.508939, 0, 0, 0, 1
1.297159, 0, 3.442, 6.544609, 0, 0, 0, 1
1.304875, 0, 3.442, 6.585795, 0, 0, 0, 1
1.312832, 0, 3.442, 6.624375, 0, 0, 0, 1
1.320104, 0, 3.442, 6.664159, 0, 0, 0, 1
1.327564, 0, 3.442, 6.700521, 0, 0, 0, 1
1.334351, 0, 3.442, 6.737821, 0, 0, 0, 1
1.339815, 0, 3.442, 6.771757, 0, 0, 0, 1
1.346929, 0, 3.442, 6.799073, 0, 0, 0, 1
1.353612, 0, 3.442, 6.834647, 0, 0, 0, 1
1.35955, 0, 3.442, 6.868059, 0, 0, 0, 1
1.38071, 0, 3.442, 6.897748, 0, 0, 0, 1
1.399532, 0, 3.442, 7.00355, 0, 0, 0, 1
1.408469, 0, 3.442, 7.09766, 0, 0, 0, 1
1.413493, 0, 3.442, 7.142344, 0, 0, 0, 1
1.41974, 0, 3.442, 7.167468, 0, 0, 0, 1
1.424474, 0, 3.442, 7.198699, 0, 0, 0, 1
1.429432, 0, 3.442, 7.22237, 0, 0, 0, 1
1.434332, 0, 3.442, 7.247158, 0, 0, 0, 1
1.439142, 0, 3.442, 7.271662, 0, 0, 0, 1
1.444213, 0, 3.442, 7.29571, 0, 0, 0, 1
1.449805, 0, 3.442, 7.321065, 0, 0, 0, 1
1.454521, 0, 3.442, 7.349028, 0, 0, 0, 1
1.459311, 0, 3.442, 7.372603, 0, 0, 0, 1
1.464163, 0, 3.442, 7.396554, 0, 0, 0, 1
1.470704, 0, 3.442, 7.420815, 0, 0, 0, 1
1.477577, 0, 3.442, 7.45352, 0, 0, 0, 1
1.482239, 0, 3.442, 7.487885, 0, 0, 0, 1
1.487782, 0, 3.442, 7.511197, 0, 0, 0, 1
1.493393, 0, 3.442, 7.538913, 0, 0, 0, 1
1.498423, 0, 3.442, 7.566965, 0, 0, 0, 1
1.503238, 0, 3.442, 7.592117, 0, 0, 0, 1
1.508902, 0, 3.442, 7.616191, 0, 0, 0, 1
1.513369, 0, 3.442, 7.644513, 0, 0, 0, 1
1.518335, 0, 3.442, 7.666845, 0, 0, 0, 1
1.523137, 0, 3.442, 7.691675, 0, 0, 0, 1
1.528077, 0, 3.442, 7.715683, 0, 0, 0, 1
1.532832, 0, 3.442, 7.740386, 0, 0, 0, 1
1.54763, 0, 3.442, 7.764161, 0, 0, 0, 1
1.554818, 0, 3.442, 7.838151, 0, 0, 0, 1
1.559579, 0, 3.442, 7.874091, 0, 0, 0, 1
1.564245, 0, 3.442, 7.897896, 0, 0, 0, 1
1.569227, 0, 3.442, 7.921228, 0, 0, 0, 1
1.573912, 0, 3.442, 7.946136, 0, 0, 0, 1
1.578811, 0, 3.442, 7.969559, 0, 0, 0, 1
1.583769, 0, 3.442, 7.994055, 0, 0, 0, 1
1.588847, 0, 3.442, 8.018846, 0, 0, 0, 1
1.593651, 0, 3.442, 8.044237, 0, 0, 0, 1
1.599125, 0, 3.442, 8.068254, 0, 0, 0, 1
1.603968, 0, 3.442, 8.095626, 0, 0, 0, 1
1.608816, 0, 3.442, 8.11984, 0, 0, 0, 1
1.613678, 0, 3.442, 8.144083, 0, 0, 0, 1
1.620419, 0, 3.442, 8.168394, 0, 0, 0, 1
1.625257, 0, 3.442, 8.202097, 0, 0, 0, 1
1.630272, 0, 3.442, 8.226287, 0, 0, 0, 1
1.63505, 0, 3.442, 8.251365, 0, 0, 0, 1
1.639825, 0, 3.442, 8.27525, 0, 0, 0, 1
1.645017, 0, 3.442, 8.299129, 0, 0, 0, 1
1.649847, 0, 3.442, 8.325086, 0, 0, 0, 1
1.654471, 0, 3.442, 8.349237, 0, 0, 0, 1
1.6598, 0, 3.442, 8.372359, 0, 0, 0, 1
1.665145, 0, 3.442, 8.399001, 0, 0, 0, 1
1.669938, 0, 3.442, 8.425727, 0, 0, 0, 1
1.674992, 0, 3.442, 8.449691, 0, 0, 0, 1
1.679491, 0, 3.442, 8.474963, 0, 0, 0, 1
1.68432, 0, 3.442, 8.497457, 0, 0, 0, 1
1.698938, 0, 3.442, 8.521604, 0, 0, 0, 1
1.705812, 0, 3.442, 8.594692, 0, 0, 0, 1
1.710639, 0, 3.442, 8.629066, 0, 0, 0, 1
1.715439, 0, 3.442, 8.653199, 0, 0, 0, 1
1.72038, 0, 3.442, 8.677197, 0, 0, 0, 1
1.725107, 0, 3.442, 8.701904, 0, 0, 0, 1
1.729708, 0, 3.442, 8.72554, 0, 0, 0, 1
1.7345, 0, 3.442, 8.748542, 0, 0, 0, 1
1.739288, 0, 3.442, 8.772501, 0, 0, 0, 1
1.743651, 0, 3.442, 8.796441, 0, 0, 0, 1
1.748424, 0, 3.442, 8.818255, 0, 0, 0, 1
1.754029, 0, 3.442, 8.84212, 0, 0, 0, 1
1.758973, 0, 3.442, 8.870148, 0, 0, 0, 1
1.763413, 0, 3.442, 8.894867, 0, 0, 0, 1
1.768227, 0, 3.442, 8.917068, 0, 0, 0, 1
1.772881, 0, 3.442, 8.941137, 0, 0, 0, 1
1.777566, 0, 3.442, 8.964406, 0, 0, 0, 1
1.782487, 0, 3.442, 8.98783, 0, 0, 0, 1
1.787253, 0, 3.442, 9.012435, 0, 0, 0, 1
1.792646, 0, 3.442, 9.036268, 0, 0, 0, 1
1.797198, 0, 3.442, 9.063231, 0, 0, 0, 1
1.801693, 0, 3.442, 9.085992, 0, 0, 0, 1
1.806711, 0, 3.442, 9.108468, 0, 0, 0, 1
1.811585, 0, 3.442, 9.133559, 0, 0, 0, 1
1.816337, 0, 3.442, 9.157929, 0, 0, 0, 1
1.822864, 0, 3.442, 9.181689, 0, 0, 0, 1
1.827507, 0, 3.442, 9.214326, 0, 0, 0, 1
1.832396, 0, 3.442, 9.237536, 0, 0, 0, 1
1.837552, 0, 3.442, 9.261986, 0, 0, 0, 1
1.852341, 0, 3.442, 9.287766, 0, 0, 0, 1
1.859194, 0, 3.442, 9.36171, 0, 0, 0, 1
1.86432, 0, 3.442, 9.395973, 0, 0, 0, 1
1.869954, 0, 3.442, 9.421605, 0, 0, 0, 1
1.874699, 0, 3.442, 9.449775, 0, 0, 0, 1
1.879884, 0, 3.442, 9.473498, 0, 0, 0, 1
1.885322, 0, 3.442, 9.499423, 0, 0, 0, 1
1.89003, 0, 3.442, 9.526613, 0, 0, 0, 1
1.895616, 0, 3.442, 9.550153, 0, 0, 0, 1
1.902694, 0, 3.442, 9.578083, 0, 0, 0, 1
1.910324, 0, 3.442, 9.613473, 0, 0, 0, 1
1.917848, 0, 3.442, 9.651625, 0, 0, 0, 1
1.922748, 0, 3.442, 9.689243, 0, 0, 0, 1
1.927982, 0, 3.442, 9.713745, 0, 0, 0, 1
1.936133, 0, 3.442, 9.739914, 0, 0, 0, 1
1.943295, 0, 3.442, 9.780667, 0, 0, 0, 1
1.948184, 0, 3.442, 9.81648, 0, 0, 0, 1
1.95363, 0, 3.442, 9.840925, 0, 0, 0, 1
1.958811, 0, 3.442, 9.868155, 0, 0, 0, 1
1.9632, 0, 3.442, 9.894061, 0, 0, 0, 1
1.968871, 0, 3.442, 9.916006, 0, 0, 0, 1
1.974715, 0, 3.442, 9.944358, 0, 0, 0, 1
1.979482, 0, 3.442, 9.973581, 0, 0, 0, 1
1.98479, 0, 3.442, 9.997416, 0, 0, 0, 1
1.990024, 0, 3.442, 10.02395, 0, 0, 0, 1
2.004845, 0, 3.442, 10.05012, 0, 0, 0, 1
2.011877, 0, 3.442, 10.12423, 0, 0, 0, 1
2.017257, 0, 3.442, 10.15939, 0, 0, 0, 1
2.023538, 0, 3.442, 10.18629, 0, 0, 0, 1
2.028274, 0, 3.442, 10.21769, 0, 0, 0, 1
2.033394, 0, 3.442, 10.24137, 0, 0, 0, 1
2.038757, 0, 3.442, 10.26697, 0, 0, 0, 1
2.043296, 0, 3.442, 10.29379, 0, 0, 0, 1
2.048385, 0, 3.442, 10.31648, 0, 0, 0, 1
2.05365, 0, 3.442, 10.34193, 0, 0, 0, 1
2.058169, 0, 3.442, 10.36825, 0, 0, 0, 1
2.063551, 0, 3.442, 10.39085, 0, 0, 0, 1
2.06853, 0, 3.442, 10.41776, 0, 0, 0, 1
2.07392, 0, 3.442, 10.44265, 0, 0, 0, 1
2.080859, 0, 3.442, 10.46961, 0, 0, 0, 1
2.088628, 0, 3.442, 10.5043, 0, 0, 0, 1
2.095463, 0, 3.442, 10.54314, 0, 0, 0, 1
2.102093, 0, 3.442, 10.57732, 0, 0, 0, 1
2.107249, 0, 3.442, 10.61047, 0, 0, 0, 1
2.11412, 0, 3.442, 10.63625, 0, 0, 0, 1
2.119579, 0, 3.442, 10.6706, 0, 0, 0, 1
2.124846, 0, 3.442, 10.6979, 0, 0, 0, 1
2.129993, 0, 3.442, 10.72423, 0, 0, 0, 1
2.135393, 0, 3.442, 10.74997, 0, 0, 0, 1
2.140531, 0, 3.442, 10.77697, 0, 0, 0, 1
2.155435, 0, 3.442, 10.80266, 0, 0, 0, 1
2.162612, 0, 3.442, 10.87718, 0, 0, 0, 1
2.167703, 0, 3.442, 10.91307, 0, 0, 0, 1
2.173362, 0, 3.442, 10.93852, 0, 0, 0, 1
2.177661, 0, 3.442, 10.96681, 0, 0, 0, 1
2.183032, 0, 3.442, 10.98831, 0, 0, 0, 1
2.187786, 0, 3.442, 11.01516, 0, 0, 0, 1
2.192949, 0, 3.442, 11.03893, 0, 0, 0, 1
2.198064, 0, 3.442, 11.06475, 0, 0, 0, 1
2.203177, 0, 3.442, 11.09032, 0, 0, 0, 1
2.208291, 0, 3.442, 11.11589, 0, 0, 0, 1
2.213282, 0, 3.442, 11.14146, 0, 0, 0, 1
2.218149, 0, 3.442, 11.16641, 0, 0, 0, 1
2.224645, 0, 3.442, 11.19075, 0, 0, 0, 1
2.229488, 0, 3.442, 11.22323, 0, 0, 0, 1
2.233999, 0, 3.442, 11.24744, 0, 0, 0, 1
2.239134, 0, 3.442, 11.27, 0, 0, 0, 1
2.243833, 0, 3.442, 11.29567, 0, 0, 0, 1
2.249374, 0, 3.442, 11.31917, 0, 0, 0, 1
2.254583, 0, 3.442, 11.34687, 0, 0, 0, 1
2.259674, 0, 3.442, 11.37292, 0, 0, 0, 1
2.265126, 0, 3.442, 11.39837, 0, 0, 0, 1
2.270231, 0, 3.442, 11.42563, 0, 0, 0, 1
2.275165, 0, 3.442, 11.45116, 0, 0, 0, 1
2.281825, 0, 3.442, 11.47583, 0, 0, 0, 1
2.288357, 0, 3.442, 11.50913, 0, 0, 0, 1
2.296169, 0, 3.442, 11.54179, 0, 0, 0, 1
2.314034, 0, 3.442, 11.58085, 0, 0, 0, 1
2.322499, 0, 3.442, 11.67018, 0, 0, 0, 1
2.328846, 0, 3.442, 11.7125, 0, 0, 0, 1
2.334963, 0, 3.442, 11.74424, 0, 0, 0, 1
2.340309, 0, 3.442, 11.77482, 0, 0, 0, 1
2.349206, 0, 3.442, 11.80155, 0, 0, 0, 1
2.355637, 0, 3.442, 11.84603, 0, 0, 0, 1
2.36229, 0, 3.442, 11.87819, 0, 0, 0, 1
2.369599, 0, 3.442, 11.91145, 0, 0, 0, 1
2.376375, 0, 3.442, 11.948, 0, 0, 0, 1
2.383872, 0, 3.442, 11.98188, 0, 0, 0, 1
2.389672, 0, 3.442, 12.01936, 0, 0, 0, 1
2.395056, 0, 3.442, 12.04836, 0, 0, 0, 1
2.401559, 0, 3.442, 12.07528, 0, 0, 0, 1
2.407938, 0, 3.442, 12.1078, 0, 0, 0, 1
2.414831, 0, 3.442, 12.13969, 0, 0, 0, 1
2.42089, 0, 3.442, 12.17416, 0, 0, 0, 1
2.429124, 0, 3.442, 12.20445, 0, 0, 0, 1
2.434038, 0, 3.442, 12.24562, 0, 0, 0, 1
2.440201, 0, 3.442, 12.27019, 0, 0, 0, 1
2.446892, 0, 3.442, 12.30101, 0, 0, 0, 1
2.466379, 0, 3.442, 12.33446, 0, 0, 0, 1
2.475527, 0, 3.442, 12.4319, 0, 0, 0, 1
2.480906, 0, 3.442, 12.47764, 0, 0, 0, 1
2.487731, 0, 3.442, 12.50453, 0, 0, 0, 1
2.493171, 0, 3.442, 12.53866, 0, 0, 0, 1
2.498315, 0, 3.442, 12.56586, 0, 0, 0, 1
2.50471, 0, 3.442, 12.59158, 0, 0, 0, 1
2.511411, 0, 3.442, 12.62356, 0, 0, 0, 1
2.517826, 0, 3.442, 12.65706, 0, 0, 0, 1
2.523087, 0, 3.442, 12.68913, 0, 0, 0, 1
2.528709, 0, 3.442, 12.71544, 0, 0, 0, 1
2.534963, 0, 3.442, 12.74355, 0, 0, 0, 1
2.541662, 0, 3.442, 12.77482, 0, 0, 0, 1
2.547483, 0, 3.442, 12.80831, 0, 0, 0, 1
2.552986, 0, 3.442, 12.83742, 0, 0, 0, 1
2.558751, 0, 3.442, 12.86493, 0, 0, 0, 1
2.564111, 0, 3.442, 12.89376, 0, 0, 0, 1
2.569925, 0, 3.442, 12.92056, 0, 0, 0, 1
2.575853, 0, 3.442, 12.94963, 0, 0, 0, 1
2.580857, 0, 3.442, 12.97927, 0, 0, 0, 1
2.586901, 0, 3.442, 13.00429, 0, 0, 0, 1
2.591894, 0, 3.442, 13.03451, 0, 0, 0, 1
2.598261, 0, 3.442, 13.05947, 0, 0, 0, 1
2.613966, 0, 3.442, 13.09131, 0, 0, 0, 1
2.621964, 0, 3.442, 13.16984, 0, 0, 0, 1
2.628609, 0, 3.442, 13.20982, 0, 0, 0, 1
2.633399, 0, 3.442, 13.24305, 0, 0, 0, 1
2.638923, 0, 3.442, 13.267, 0, 0, 0, 1
2.647471, 0, 3.442, 13.29462, 0, 0, 0, 1
2.65314, 0, 3.442, 13.33736, 0, 0, 0, 1
2.659809, 0, 3.442, 13.3657, 0, 0, 0, 1
2.665335, 0, 3.442, 13.39905, 0, 0, 0, 1
2.671356, 0, 3.442, 13.42668, 0, 0, 0, 1
2.67654, 0, 3.442, 13.45678, 0, 0, 0, 1
2.682098, 0, 3.442, 13.4827, 0, 0, 0, 1
2.689095, 0, 3.442, 13.5105, 0, 0, 0, 1
2.69445, 0, 3.442, 13.54548, 0, 0, 0, 1
2.699397, 0, 3.442, 13.57226, 0, 0, 0, 1
2.704479, 0, 3.442, 13.59699, 0, 0, 0, 1
2.710297, 0, 3.442, 13.6224, 0, 0, 0, 1
2.716516, 0, 3.442, 13.65149, 0, 0, 0, 1
2.725255, 0, 3.442, 13.68258, 0, 0, 0, 1
2.730882, 0, 3.442, 13.72628, 0, 0, 0, 1
2.737197, 0, 3.442, 13.75442, 0, 0, 0, 1
2.742448, 0, 3.442, 13.78599, 0, 0, 0, 1
2.750734, 0, 3.442, 13.81224, 0, 0, 0, 1
2.767294, 0, 3.442, 13.85367, 0, 0, 0, 1
2.776966, 0, 3.442, 13.93647, 0, 0, 0, 1
2.782857, 0, 3.442, 13.98484, 0, 0, 0, 1
2.789123, 0, 3.442, 14.01429, 0, 0, 0, 1
2.794028, 0, 3.442, 14.04562, 0, 0, 0, 1
2.800617, 0, 3.442, 14.07014, 0, 0, 0, 1
2.806445, 0, 3.442, 14.10309, 0, 0, 0, 1
2.811735, 0, 3.442, 14.13223, 0, 0, 0, 1
2.818129, 0, 3.442, 14.15868, 0, 0, 0, 1
2.824785, 0, 3.442, 14.19065, 0, 0, 0, 1
2.832294, 0, 3.442, 14.22393, 0, 0, 0, 1
2.837677, 0, 3.442, 14.26147, 0, 0, 0, 1
2.842863, 0, 3.442, 14.28839, 0, 0, 0, 1
2.849414, 0, 3.442, 14.31432, 0, 0, 0, 1
2.855339, 0, 3.442, 14.34708, 0, 0, 0, 1
2.861192, 0, 3.442, 14.3767, 0, 0, 0, 1
2.866508, 0, 3.442, 14.40596, 0, 0, 0, 1
2.872479, 0, 3.442, 14.43255, 0, 0, 0, 1
2.879273, 0, 3.442, 14.4624, 0, 0, 0, 1
2.885346, 0, 3.442, 14.49637, 0, 0, 0, 1
2.891495, 0, 3.442, 14.52674, 0, 0, 0, 1
2.897675, 0, 3.442, 14.55748, 0, 0, 0, 1
2.904676, 0, 3.442, 14.58838, 0, 0, 0, 1
2.922717, 0, 3.442, 14.62339, 0, 0, 0, 1
2.93203, 0, 3.442, 14.71359, 0, 0, 0, 1
2.937612, 0, 3.442, 14.76016, 0, 0, 0, 1
2.944734, 0, 3.442, 14.78806, 0, 0, 0, 1
2.950758, 0, 3.442, 14.82368, 0, 0, 0, 1
2.956127, 0, 3.442, 14.8538, 0, 0, 0, 1
2.962555, 0, 3.442, 14.88064, 0, 0, 0, 1
2.968634, 0, 3.442, 14.91278, 0, 0, 0, 1
2.974687, 0, 3.442, 14.94317, 0, 0, 0, 1
2.981056, 0, 3.442, 14.97344, 0, 0, 0, 1
2.986372, 0, 3.442, 15.00529, 0, 0, 0, 1
2.99178, 0, 3.442, 15.03186, 0, 0, 0, 1
2.998547, 0, 3.442, 15.0589, 0, 0, 0, 1
3.002958, 0, 3.442, 15.09274, 0, 0, 0, 1
3.008106, 0, 3.442, 15.11479, 0, 0, 0, 1
3.013569, 0, 3.442, 15.14053, 0, 0, 0, 1
3.018125, 0, 3.442, 15.16785, 0, 0, 0, 1
3.023261, 0, 3.442, 15.19063, 0, 0, 0, 1
3.028019, 0, 3.442, 15.21631, 0, 0, 0, 1
3.035031, 0, 3.442, 15.2401, 0, 0, 0, 1
3.04031, 0, 3.442, 15.27516, 0, 0, 0, 1
3.045994, 0, 3.442, 15.30155, 0, 0, 0, 1
3.050948, 0, 3.442, 15.32997, 0, 0, 0, 1
3.056089, 0, 3.442, 15.35474, 0, 0, 0, 1
3.071282, 0, 3.442, 15.38045, 0, 0, 0, 1
3.080177, 0, 3.442, 15.45642, 0, 0, 0, 1
3.086284, 0, 3.442, 15.50089, 0, 0, 0, 1
3.091513, 0, 3.442, 15.53142, 0, 0, 0, 1
3.097493, 0, 3.442, 15.55757, 0, 0, 0, 1
3.102643, 0, 3.442, 15.58747, 0, 0, 0, 1
3.10763, 0, 3.442, 15.61322, 0, 0, 0, 1
3.112456, 0, 3.442, 15.63815, 0, 0, 0, 1
3.117723, 0, 3.442, 15.66228, 0, 0, 0, 1
3.122185, 0, 3.442, 15.68862, 0, 0, 0, 1
3.1278, 0, 3.442, 15.71093, 0, 0, 0, 1
3.132761, 0, 3.442, 15.739, 0, 0, 0, 1
3.137598, 0, 3.442, 15.76381, 0, 0, 0, 1
3.142961, 0, 3.442, 15.78799, 0, 0, 0, 1
3.147577, 0, 3.442, 15.81481, 0, 0, 0, 1
3.15232, 0, 3.442, 15.83789, 0, 0, 0, 1
3.157024, 0, 3.442, 15.8616, 0, 0, 0, 1
3.162018, 0, 3.442, 15.88512, 0, 0, 0, 1
3.16751, 0, 3.442, 15.9101, 0, 0, 0, 1
3.172014, 0, 3.442, 15.93756, 0, 0, 0, 1
3.177195, 0, 3.442, 15.96007, 0, 0, 0, 1
3.1828, 0, 3.442, 15.98598, 0, 0, 0, 1
3.187447, 0, 3.442, 16.014, 0, 0, 0, 1
3.192806, 0, 3.442, 16.03724, 0, 0, 0, 1
3.197869, 0, 3.442, 16.06403, 0, 0, 0, 1
3.202674, 0, 3.442, 16.08935, 0, 0, 0, 1
3.208235, 0, 3.442, 16.11337, 0, 0, 0, 1
3.223517, 0, 3.442, 16.14118, 0, 0, 0, 1
3.230356, 0, 3.442, 16.21759, 0, 0, 0, 1
3.236217, 0, 3.442, 16.25178, 0, 0, 0, 1
3.241076, 0, 3.442, 16.28109, 0, 0, 0, 1
3.246411, 0, 3.442, 16.30538, 0, 0, 0, 1
3.251644, 0, 3.442, 16.33206, 0, 0, 0, 1
3.2565, 0, 3.442, 16.35822, 0, 0, 0, 1
3.261726, 0, 3.442, 16.3825, 0, 0, 0, 1
3.267533, 0, 3.442, 16.40863, 0, 0, 0, 1
3.27287, 0, 3.442, 16.43767, 0, 0, 0, 1
3.277711, 0, 3.442, 16.46436, 0, 0, 0, 1
3.282489, 0, 3.442, 16.48856, 0, 0, 0, 1
3.287792, 0, 3.442, 16.51245, 0, 0, 0, 1
3.293214, 0, 3.442, 16.53897, 0, 0, 0, 1
3.298896, 0, 3.442, 16.56608, 0, 0, 0, 1
3.304917, 0, 3.442, 16.59449, 0, 0, 0, 1
3.310006, 0, 3.442, 16.62459, 0, 0, 0, 1
3.31429, 0, 3.442, 16.65004, 0, 0, 0, 1
3.319767, 0, 3.442, 16.67146, 0, 0, 0, 1
3.324324, 0, 3.442, 16.69884, 0, 0, 0, 1
3.329606, 0, 3.442, 16.72163, 0, 0, 0, 1
3.335662, 0, 3.442, 16.74804, 0, 0, 0, 1
3.340075, 0, 3.442, 16.77832, 0, 0, 0, 1
3.345214, 0, 3.442, 16.80038, 0, 0, 0, 1
3.350335, 0, 3.442, 16.82608, 0, 0, 0, 1
3.35494, 0, 3.442, 16.85168, 0, 0, 0, 1
3.360271, 0, 3.442, 16.87471, 0, 0, 0, 1
3.375076, 0, 3.442, 16.90137, 0, 0, 0, 1
3.382763, 0, 3.442, 16.97539, 0, 0, 0, 1
3.387298, 0, 3.442, 17.01382, 0, 0, 0, 1
3.393224, 0, 3.442, 17.0365, 0, 0, 0, 1
3.398338, 0, 3.442, 17.06613, 0, 0, 0, 1
3.40305, 0, 3.442, 17.0917, 0, 0, 0, 1
3.40833, 0, 3.442, 17.11526, 0, 0, 0, 1
3.413181, 0, 3.442, 17.14166, 0, 0, 0, 1
3.417572, 0, 3.442, 17.16591, 0, 0, 0, 1
3.423076, 0, 3.442, 17.18787, 0, 0, 0, 1
3.427958, 0, 3.442, 17.21539, 0, 0, 0, 1
3.432908, 0, 3.442, 17.2398, 0, 0, 0, 1
3.439158, 0, 3.442, 17.26455, 0, 0, 0, 1
3.446111, 0, 3.442, 17.2958, 0, 0, 0, 1
3.45467, 0, 3.442, 17.33056, 0, 0, 0, 1
3.459495, 0, 3.442, 17.37336, 0, 0, 0, 1
3.463934, 0, 3.442, 17.39748, 0, 0, 0, 1
3.468388, 0, 3.442, 17.41968, 0, 0, 0, 1
3.473116, 0, 3.442, 17.44194, 0, 0, 0, 1
3.477848, 0, 3.442, 17.46559, 0, 0, 0, 1
3.482796, 0, 3.442, 17.48925, 0, 0, 0, 1
3.487481, 0, 3.442, 17.51398, 0, 0, 0, 1
3.492309, 0, 3.442, 17.53741, 0, 0, 0, 1
3.49685, 0, 3.442, 17.56155, 0, 0, 0, 1
3.501353, 0, 3.442, 17.58426, 0, 0, 0, 1
3.506157, 0, 3.442, 17.60677, 0, 0, 0, 1
3.511079, 0, 3.442, 17.63079, 0, 0, 0, 1
3.526201, 0, 3.442, 17.6554, 0, 0, 0, 1
3.533111, 0, 3.442, 17.73101, 0, 0, 0, 1
3.53758, 0, 3.442, 17.76556, 0, 0, 0, 1
3.542569, 0, 3.442, 17.7879, 0, 0, 0, 1
3.547158, 0, 3.442, 17.81285, 0, 0, 0, 1
3.552173, 0, 3.442, 17.83579, 0, 0, 0, 1
3.557178, 0, 3.442, 17.86087, 0, 0, 0, 1
3.562312, 0, 3.442, 17.8859, 0, 0, 0, 1
3.567042, 0, 3.442, 17.91157, 0, 0, 0, 1
3.571508, 0, 3.442, 17.93522, 0, 0, 0, 1
3.576602, 0, 3.442, 17.95755, 0, 0, 0, 1
3.581321, 0, 3.442, 17.98302, 0, 0, 0, 1
3.585858, 0, 3.442, 18.00661, 0, 0, 0, 1
3.590921, 0, 3.442, 18.0293, 0, 0, 0, 1
3.596111, 0, 3.442, 18.05461, 0, 0, 0, 1
3.600872, 0, 3.442, 18.08056, 0, 0, 0, 1
3.605898, 0, 3.442, 18.10436, 0, 0, 0, 1
3.610443, 0, 3.442, 18.1295, 0, 0, 0, 1
3.61513, 0, 3.442, 18.15222, 0, 0, 0, 1
3.619546, 0, 3.442, 18.17566, 0, 0, 0, 1
3.624263, 0, 3.442, 18.19774, 0, 0, 0, 1
3.629137, 0, 3.442, 18.22132, 0, 0, 0, 1
3.634199, 0, 3.442, 18.24569, 0, 0, 0, 1
3.6403, 0, 3.442, 18.271, 0, 0, 0, 1
3.644951, 0, 3.442, 18.30151, 0, 0, 0, 1
3.649834, 0, 3.442, 18.32476, 0, 0, 0, 1
3.654525, 0, 3.442, 18.34918, 0, 0, 0, 1
3.659224, 0, 3.442, 18.37263, 0, 0, 0, 1
3.66412, 0, 3.442, 18.39613, 0, 0, 0, 1
3.678574, 0, 3.442, 18.42061, 0, 0, 0, 1
3.685156, 0, 3.442, 18.49288, 0, 0, 0, 1
3.689845, 0, 3.442, 18.52579, 0, 0, 0, 1
3.694664, 0, 3.442, 18.54924, 0, 0, 0, 1
3.699093, 0, 3.442, 18.57333, 0, 0, 0, 1
3.704551, 0, 3.442, 18.59548, 0, 0, 0, 1
3.709443, 0, 3.442, 18.62277, 0, 0, 0, 1
3.714075, 0, 3.442, 18.64723, 0, 0, 0, 1
3.7191, 0, 3.442, 18.67039, 0, 0, 0, 1
3.723549, 0, 3.442, 18.69551, 0, 0, 0, 1
3.728288, 0, 3.442, 18.71776, 0, 0, 0, 1
3.733068, 0, 3.442, 18.74145, 0, 0, 0, 1
3.73783, 0, 3.442, 18.76536, 0, 0, 0, 1
3.742878, 0, 3.442, 18.78917, 0, 0, 0, 1
3.747477, 0, 3.442, 18.81441, 0, 0, 0, 1
3.751892, 0, 3.442, 18.8374, 0, 0, 0, 1
3.756601, 0, 3.442, 18.85947, 0, 0, 0, 1
3.761035, 0, 3.442, 18.88302, 0, 0, 0, 1
3.765802, 0, 3.442, 18.90519, 0, 0, 0, 1
3.77033, 0, 3.442, 18.92902, 0, 0, 0, 1
3.774961, 0, 3.442, 18.95167, 0, 0, 0, 1
3.779343, 0, 3.442, 18.97482, 0, 0, 0, 1
3.783718, 0, 3.442, 18.99673, 0, 0, 0, 1
3.788533, 0, 3.442, 19.0186, 0, 0, 0, 1
3.793373, 0, 3.442, 19.04268, 0, 0, 0, 1
3.798158, 0, 3.442, 19.06688, 0, 0, 0, 1
3.80293, 0, 3.442, 19.09081, 0, 0, 0, 1
3.807965, 0, 3.442, 19.11467, 0, 0, 0, 1
3.812513, 0, 3.442, 19.13984, 0, 0, 0, 1
3.81718, 0, 3.442, 19.16258, 0, 0, 0, 1
3.83144, 0, 3.442, 19.18591, 0, 0, 0, 1
3.83828, 0, 3.442, 19.25722, 0, 0, 0, 1
3.84467, 0, 3.442, 19.29142, 0, 0, 0, 1
3.849037, 0, 3.442, 19.32337, 0, 0, 0, 1
3.853694, 0, 3.442, 19.3452, 0, 0, 0, 1
3.858744, 0, 3.442, 19.36848, 0, 0, 0, 1
3.863194, 0, 3.442, 19.39373, 0, 0, 0, 1
3.86819, 0, 3.442, 19.41599, 0, 0, 0, 1
3.873557, 0, 3.442, 19.44096, 0, 0, 0, 1
3.878605, 0, 3.442, 19.4678, 0, 0, 0, 1
3.88294, 0, 3.442, 19.49304, 0, 0, 0, 1
3.887541, 0, 3.442, 19.51472, 0, 0, 0, 1
3.892176, 0, 3.442, 19.53772, 0, 0, 0, 1
3.896571, 0, 3.442, 19.5609, 0, 0, 0, 1
3.901052, 0, 3.442, 19.58287, 0, 0, 0, 1
3.906787, 0, 3.442, 19.60527, 0, 0, 0, 1
3.911626, 0, 3.442, 19.63395, 0, 0, 0, 1
3.916036, 0, 3.442, 19.65814, 0, 0, 0, 1
3.921485, 0, 3.442, 19.68019, 0, 0, 0, 1
3.92659, 0, 3.442, 19.70744, 0, 0, 0, 1
3.931378, 0, 3.442, 19.73297, 0, 0, 0, 1
3.936862, 0, 3.442, 19.7569, 0, 0, 0, 1
3.941641, 0, 3.442, 19.78432, 0, 0, 0, 1
3.946097, 0, 3.442, 19.80822, 0, 0, 0, 1
3.951955, 0, 3.442, 19.8305, 0, 0, 0, 1
3.958468, 0, 3.442, 19.85979, 0, 0, 0, 1
3.962914, 0, 3.442, 19.89236, 0, 0, 0, 1
3.968789, 0, 3.442, 19.91458, 0, 0, 0, 1
3.983428, 0, 3.442, 19.94396, 0, 0, 0, 1
3.990736, 0, 3.442, 20.01715, 0, 0, 0, 1
3.995026, 0, 3.442, 20.0537, 0, 0, 0, 1
3.99984, 0, 3.442, 20.07514, 0, 0, 0, 1
4.004138, 0, 3.442, 20.09921, 0, 0, 0, 1
4.009191, 0, 3.442, 20.1207, 0, 0, 0, 1
4.014394, 0, 3.442, 20.14597, 0, 0, 0, 1
4.019407, 0, 3.442, 20.17198, 0, 0, 0, 1
4.024676, 0, 3.442, 20.19705, 0, 0, 0, 1
4.0294, 0, 3.442, 20.22339, 0, 0, 0, 1
4.033838, 0, 3.442, 20.24701, 0, 0, 0, 1
4.038629, 0, 3.442, 20.26921, 0, 0, 0, 1
4.044684, 0, 3.442, 20.29316, 0, 0, 0, 1
4.049119, 0, 3.442, 20.32343, 0, 0, 0, 1
4.053742, 0, 3.442, 20.34561, 0, 0, 0, 1
4.05808, 0, 3.442, 20.36872, 0, 0, 0, 1
4.062428, 0, 3.442, 20.39042, 0, 0, 0, 1
4.067034, 0, 3.442, 20.41216, 0, 0, 0, 1
4.07137, 0, 3.442, 20.43518, 0, 0, 0, 1
4.075936, 0, 3.442, 20.45686, 0, 0, 0, 1
4.080567, 0, 3.442, 20.4797, 0, 0, 0, 1
4.085763, 0, 3.442, 20.50285, 0, 0, 0, 1
4.090691, 0, 3.442, 20.52883, 0, 0, 0, 1
4.095259, 0, 3.442, 20.55347, 0, 0, 0, 1
4.099592, 0, 3.442, 20.57631, 0, 0, 0, 1
4.104228, 0, 3.442, 20.59798, 0, 0, 0, 1
4.108896, 0, 3.442, 20.62116, 0, 0, 0, 1
4.113277, 0, 3.442, 20.6445, 0, 0, 0, 1
4.118066, 0, 3.442, 20.6664, 0, 0, 0, 1
4.122906, 0, 3.442, 20.69035, 0, 0, 0, 1
4.137614, 0, 3.442, 20.71454, 0, 0, 0, 1
4.145077, 0, 3.442, 20.78809, 0, 0, 0, 1
4.150056, 0, 3.442, 20.8254, 0, 0, 0, 1
4.154796, 0, 3.442, 20.8503, 0, 0, 0, 1
4.159449, 0, 3.442, 20.87399, 0, 0, 0, 1
4.163734, 0, 3.442, 20.89726, 0, 0, 0, 1
4.169208, 0, 3.442, 20.91869, 0, 0, 0, 1
4.174067, 0, 3.442, 20.94606, 0, 0, 0, 1
4.178519, 0, 3.442, 20.97035, 0, 0, 0, 1
4.183529, 0, 3.442, 20.99261, 0, 0, 0, 1
4.188831, 0, 3.442, 21.01767, 0, 0, 0, 1
4.193228, 0, 3.442, 21.04417, 0, 0, 0, 1
4.198349, 0, 3.442, 21.06616, 0, 0, 0, 1
4.202796, 0, 3.442, 21.09176, 0, 0, 0, 1
4.207823, 0, 3.442, 21.114, 0, 0, 0, 1
4.212317, 0, 3.442, 21.13913, 0, 0, 0, 1
4.218022, 0, 3.442, 21.1616, 0, 0, 0, 1
4.223905, 0, 3.442, 21.19013, 0, 0, 0, 1
4.229507, 0, 3.442, 21.21954, 0, 0, 0, 1
4.234322, 0, 3.442, 21.24755, 0, 0, 0, 1
4.239899, 0, 3.442, 21.27163, 0, 0, 0, 1
4.246717, 0, 3.442, 21.29951, 0, 0, 0, 1
4.251388, 0, 3.442, 21.3336, 0, 0, 0, 1
4.256119, 0, 3.442, 21.35695, 0, 0, 0, 1
4.261053, 0, 3.442, 21.38061, 0, 0, 0, 1
4.267915, 0, 3.442, 21.40528, 0, 0, 0, 1
4.2743, 0, 3.442, 21.43959, 0, 0, 0, 1
4.288486, 0, 3.442, 21.47151, 0, 0, 0, 1
4.295387, 0, 3.442, 21.54244, 0, 0, 0, 1
4.299861, 0, 3.442, 21.57695, 0, 0, 0, 1
4.304253, 0, 3.442, 21.59932, 0, 0, 0, 1
4.308753, 0, 3.442, 21.62128, 0, 0, 0, 1
4.313357, 0, 3.442, 21.64378, 0, 0, 0, 1
4.317817, 0, 3.442, 21.6668, 0, 0, 0, 1
4.322394, 0, 3.442, 21.6891, 0, 0, 0, 1
4.326985, 0, 3.442, 21.71199, 0, 0, 0, 1
4.331611, 0, 3.442, 21.73494, 0, 0, 0, 1
4.336232, 0, 3.442, 21.75807, 0, 0, 0, 1
4.340679, 0, 3.442, 21.78118, 0, 0, 0, 1
4.345377, 0, 3.442, 21.80341, 0, 0, 0, 1
4.350277, 0, 3.442, 21.8269, 0, 0, 0, 1
4.354815, 0, 3.442, 21.8514, 0, 0, 0, 1
4.359319, 0, 3.442, 21.87409, 0, 0, 0, 1
4.364102, 0, 3.442, 21.89661, 0, 0, 0, 1
4.368774, 0, 3.442, 21.92053, 0, 0, 0, 1
4.372962, 0, 3.442, 21.94389, 0, 0, 0, 1
4.377317, 0, 3.442, 21.96483, 0, 0, 0, 1
4.382077, 0, 3.442, 21.9866, 0, 0, 0, 1
4.38657, 0, 3.442, 22.0104, 0, 0, 0, 1
4.391136, 0, 3.442, 22.03287, 0, 0, 0, 1
4.39571, 0, 3.442, 22.05569, 0, 0, 0, 1
4.400132, 0, 3.442, 22.07857, 0, 0, 0, 1
4.404581, 0, 3.442, 22.10068, 0, 0, 0, 1
4.409282, 0, 3.442, 22.12292, 0, 0, 0, 1
4.414003, 0, 3.442, 22.14643, 0, 0, 0, 1
4.418523, 0, 3.442, 22.17003, 0, 0, 0, 1
4.422977, 0, 3.442, 22.19263, 0, 0, 0, 1
4.428043, 0, 3.442, 22.2149, 0, 0, 0, 1
4.44244, 0, 3.442, 22.24023, 0, 0, 0, 1
4.454766, 0, 3.442, 22.31222, 0, 0, 0, 1
4.462544, 0, 3.442, 22.37385, 0, 0, 0, 1
4.467575, 0, 3.442, 22.41274, 0, 0, 0, 1
4.47191, 0, 3.442, 22.43789, 0, 0, 0, 1
4.47635, 0, 3.442, 22.45957, 0, 0, 0, 1
4.48103, 0, 3.442, 22.48177, 0, 0, 0, 1
4.486285, 0, 3.442, 22.50517, 0, 0, 0, 1
4.491071, 0, 3.442, 22.53144, 0, 0, 0, 1
4.49546, 0, 3.442, 22.55537, 0, 0, 0, 1
4.499954, 0, 3.442, 22.57731, 0, 0, 0, 1
4.504533, 0, 3.442, 22.59979, 0, 0, 0, 1
4.509177, 0, 3.442, 22.62268, 0, 0, 0, 1
4.513596, 0, 3.442, 22.6459, 0, 0, 0, 1
4.518933, 0, 3.442, 22.66799, 0, 0, 0, 1
4.523418, 0, 3.442, 22.69468, 0, 0, 0, 1
4.527872, 0, 3.442, 22.71711, 0, 0, 0, 1
4.53229, 0, 3.442, 22.73937, 0, 0, 0, 1
4.537165, 0, 3.442, 22.76147, 0, 0, 0, 1
4.541407, 0, 3.442, 22.78584, 0, 0, 0, 1
4.546462, 0, 3.442, 22.80705, 0, 0, 0, 1
4.5554, 0, 3.442, 22.83233, 0, 0, 0, 1
