Timestamp, Position (X, Y, Z), Rotation (X, Y, Z)
2025-02-13 21:16:16.024, 2.01, 3.44, 4.39, 0.00, 49.92, 0.00
2025-02-13 21:16:17.027, 6.71, 3.44, 5.67, 0.00, 100.25, 0.00
2025-02-13 21:16:18.032, 10.69, 3.44, 2.86, 0.00, 150.47, 0.00
2025-02-13 21:16:19.035, 11.08, 3.44, -1.98, 0.00, 200.65, 0.00
2025-02-13 21:16:20.040, 7.60, 3.44, -5.38, 0.00, 250.89, 0.00
2025-02-13 21:16:21.042, 2.77, 3.44, -4.89, 0.00, 300.98, 0.00
2025-02-13 21:16:22.042, 0.05, 3.44, -0.88, 0.00, 351.04, 0.00
2025-02-13 21:16:23.045, 1.35, 3.44, 3.74, 0.00, 40.58, 0.00
2025-02-13 21:16:24.048, 5.83, 3.44, 5.75, 0.00, 91.36, 0.00
2025-02-13 21:16:25.051, 10.18, 3.44, 3.61, 0.00, 141.49, 0.00
2025-02-13 21:16:26.054, 11.32, 3.44, -1.11, 0.00, 191.62, 0.00
2025-02-13 21:16:27.057, 8.44, 3.44, -5.01, 0.00, 241.71, 0.00
2025-02-13 21:16:28.059, 3.59, 3.44, -5.30, 0.00, 291.90, 0.00
2025-02-13 21:16:29.061, 0.27, 3.44, -1.76, 0.00, 341.97, 0.00
2025-02-13 21:16:30.062, 0.84, 3.44, 3.05, 0.00, 32.01, 0.00
2025-02-13 21:16:31.063, 4.91, 3.44, 5.70, 0.00, 82.11, 0.00
2025-02-13 21:16:32.066, 9.56, 3.44, 4.27, 0.00, 132.30, 0.00
2025-02-13 21:16:33.069, 11.43, 3.44, -0.21, 0.00, 182.43, 0.00
2025-02-13 21:16:34.069, 9.21, 3.44, -4.51, 0.00, 232.48, 0.00
2025-02-13 21:16:35.070, 4.48, 3.44, -5.57, 0.00, 282.50, 0.00
2025-02-13 21:16:36.071, 0.63, 3.44, -2.62, 0.00, 332.58, 0.00
2025-02-13 21:16:37.074, 0.42, 3.44, 2.23, 0.00, 22.71, 0.00
2025-02-13 21:16:38.075, 4.00, 3.44, 5.49, 0.00, 72.76, 0.00
2025-02-13 21:16:39.075, 8.80, 3.44, 4.85, 0.00, 122.77, 0.00
2025-02-13 21:16:40.076, 11.39, 3.44, 0.75, 0.00, 172.81, 0.00
2025-02-13 21:16:41.078, 9.91, 3.44, -3.87, 0.00, 222.92, 0.00
2025-02-13 21:16:42.080, 5.42, 3.44, -5.70, 0.00, 272.97, 0.00
2025-02-13 21:16:43.081, 1.14, 3.44, -3.43, 0.00, 323.05, 0.00
2025-02-13 21:16:44.081, 0.13, 3.44, 1.31, 0.00, 13.07, 0.00
2025-02-13 21:16:45.083, 3.11, 3.44, 5.13, 0.00, 63.12, 0.00
2025-02-13 21:16:46.092, 7.95, 3.44, 5.30, 0.00, 113.09, 0.00
2025-02-13 21:16:47.094, 11.21, 3.44, 1.64, 0.00, 163.68, 0.00
2025-02-13 21:16:48.098, 10.48, 3.44, -3.16, 0.00, 213.82, 0.00
2025-02-13 21:16:49.099, 6.33, 3.44, -5.67, 0.00, 263.90, 0.00
2025-02-13 21:16:50.101, 1.73, 3.44, -4.10, 0.00, 314.06, 0.00
2025-02-13 21:16:51.103, 0.00, 3.44, 0.42, 0.00, 4.10, 0.00
2025-02-13 21:16:52.103, 2.34, 3.44, 4.66, 0.00, 54.10, 0.00
2025-02-13 21:16:53.105, 7.11, 3.44, 5.58, 0.00, 104.26, 0.00
2025-02-13 21:16:54.106, 10.87, 3.44, 2.51, 0.00, 154.31, 0.00
2025-02-13 21:16:55.107, 10.94, 3.44, -2.33, 0.00, 204.34, 0.00
2025-02-13 21:16:56.108, 7.26, 3.44, -5.49, 0.00, 254.39, 0.00
2025-02-13 21:16:57.110, 2.47, 3.44, -4.70, 0.00, 304.51, 0.00
2025-02-13 21:16:58.113, 0.01, 3.44, -0.52, 0.00, 354.62, 0.00
2025-02-13 21:16:59.113, 1.63, 3.44, 4.04, 0.00, 44.63, 0.00
2025-02-13 21:17:00.114, 6.17, 3.44, 5.73, 0.00, 94.68, 0.00
2025-02-13 21:17:01.116, 10.39, 3.44, 3.34, 0.00, 144.77, 0.00
2025-02-13 21:17:02.116, 11.25, 3.44, -1.43, 0.00, 194.82, 0.00
2025-02-13 21:17:03.117, 8.15, 3.44, -5.16, 0.00, 244.87, 0.00
2025-02-13 21:17:04.119, 3.31, 3.44, -5.18, 0.00, 294.92, 0.00
2025-02-13 21:17:05.122, 0.18, 3.44, -1.46, 0.00, 345.07, 0.00
2025-02-13 21:17:06.122, 1.02, 3.44, 3.31, 0.00, 35.08, 0.00
2025-02-13 21:17:07.124, 5.22, 3.44, 5.73, 0.00, 85.20, 0.00
2025-02-13 21:17:08.124, 9.77, 3.44, 4.07, 0.00, 135.19, 0.00
2025-02-13 21:17:09.127, 11.42, 3.44, -0.50, 0.00, 185.32, 0.00
2025-02-13 21:17:10.128, 8.98, 3.44, -4.68, 0.00, 235.34, 0.00
2025-02-13 21:17:11.128, 4.20, 3.44, -5.50, 0.00, 285.43, 0.00
2025-02-13 21:17:12.132, 0.50, 3.44, -2.35, 0.00, 335.56, 0.00
2025-02-13 21:17:13.131, 0.54, 3.44, 2.49, 0.00, 25.57, 0.00
2025-02-13 21:17:14.132, 4.27, 3.44, 5.57, 0.00, 75.57, 0.00
2025-02-13 21:17:15.135, 9.04, 3.44, 4.69, 0.00, 125.67, 0.00
2025-02-13 21:17:16.136, 11.42, 3.44, 0.46, 0.00, 175.74, 0.00
2025-02-13 21:17:17.136, 9.71, 3.44, -4.08, 0.00, 225.80, 0.00
2025-02-13 21:17:18.137, 5.14, 3.44, -5.68, 0.00, 275.85, 0.00
2025-02-13 21:17:19.142, 0.99, 3.44, -3.22, 0.00, 325.66, 0.00
2025-02-13 21:17:20.142, 0.20, 3.44, 1.61, 0.00, 16.11, 0.00
2025-02-13 21:17:21.145, 3.39, 3.44, 5.27, 0.00, 66.25, 0.00
2025-02-13 21:17:22.149, 8.25, 3.44, 5.16, 0.00, 116.39, 0.00
2025-02-13 21:17:23.149, 11.28, 3.44, 1.37, 0.00, 166.48, 0.00
2025-02-13 21:17:24.152, 10.32, 3.44, -3.38, 0.00, 216.56, 0.00
2025-02-13 21:17:25.154, 6.05, 3.44, -5.69, 0.00, 266.68, 0.00
2025-02-13 21:17:26.156, 1.54, 3.44, -3.91, 0.00, 316.78, 0.00
2025-02-13 21:17:27.159, 0.02, 3.44, 0.70, 0.00, 6.90, 0.00
2025-02-13 21:17:28.161, 2.58, 3.44, 4.83, 0.00, 57.01, 0.00
2025-02-13 21:17:29.162, 7.39, 3.44, 5.50, 0.00, 107.11, 0.00
2025-02-13 21:17:30.163, 10.99, 3.44, 2.26, 0.00, 157.14, 0.00
2025-02-13 21:17:31.166, 10.81, 3.44, -2.59, 0.00, 207.28, 0.00
2025-02-13 21:17:32.166, 6.98, 3.44, -5.56, 0.00, 257.32, 0.00
2025-02-13 21:17:33.168, 2.24, 3.44, -4.53, 0.00, 307.40, 0.00
2025-02-13 21:17:34.170, -0.01, 3.44, -0.23, 0.00, 357.53, 0.00
2025-02-13 21:17:35.171, 1.84, 3.44, 4.24, 0.00, 47.55, 0.00
2025-02-13 21:17:36.172, 6.46, 3.44, 5.70, 0.00, 97.62, 0.00
2025-02-13 21:17:37.173, 10.54, 3.44, 3.10, 0.00, 147.64, 0.00
2025-02-13 21:17:38.175, 11.17, 3.44, -1.71, 0.00, 197.74, 0.00
2025-02-13 21:17:39.177, 7.88, 3.44, -5.28, 0.00, 247.86, 0.00
2025-02-13 21:17:40.177, 3.04, 3.44, -5.05, 0.00, 297.84, 0.00
2025-02-13 21:17:41.178, 0.11, 3.44, -1.19, 0.00, 347.87, 0.00
2025-02-13 21:17:42.179, 1.18, 3.44, 3.54, 0.00, 37.94, 0.00
2025-02-13 21:17:43.181, 5.50, 3.44, 5.75, 0.00, 88.07, 0.00
2025-02-13 21:17:44.183, 9.97, 3.44, 3.86, 0.00, 138.16, 0.00
2025-02-13 21:17:45.185, 11.38, 3.44, -0.78, 0.00, 188.22, 0.00
2025-02-13 21:17:46.185, 8.73, 3.44, -4.84, 0.00, 238.26, 0.00
2025-02-13 21:17:47.187, 3.91, 3.44, -5.41, 0.00, 288.33, 0.00
2025-02-13 21:17:48.189, 0.38, 3.44, -2.09, 0.00, 338.45, 0.00
2025-02-13 21:17:49.190, 0.67, 3.44, 2.75, 0.00, 28.52, 0.00
2025-02-13 21:17:50.192, 4.57, 3.44, 5.64, 0.00, 78.61, 0.00
2025-02-13 21:17:51.194, 9.28, 3.44, 4.50, 0.00, 128.70, 0.00
2025-02-13 21:17:52.204, 11.43, 3.44, 0.16, 0.00, 178.80, 0.00
2025-02-13 21:17:53.206, 9.45, 3.44, -4.31, 0.00, 229.29, 0.00
2025-02-13 21:17:54.206, 4.79, 3.44, -5.63, 0.00, 279.32, 0.00
2025-02-13 21:17:55.208, 0.78, 3.44, -2.90, 0.00, 329.40, 0.00
2025-02-13 21:17:56.210, 0.30, 3.44, 1.93, 0.00, 19.47, 0.00
2025-02-13 21:17:57.212, 3.70, 3.44, 5.39, 0.00, 69.60, 0.00
2025-02-13 21:17:58.214, 8.54, 3.44, 5.01, 0.00, 119.72, 0.00
2025-02-13 21:17:59.216, 11.34, 3.44, 1.06, 0.00, 169.67, 0.00
2025-02-13 21:18:00.219, 10.11, 3.44, -3.64, 0.00, 219.96, 0.00
2025-02-13 21:18:01.219, 5.72, 3.44, -5.70, 0.00, 269.97, 0.00
2025-02-13 21:18:02.220, 1.35, 3.44, -3.69, 0.00, 319.60, 0.00
2025-02-13 21:18:03.222, 0.07, 3.44, 1.02, 0.00, 10.09, 0.00
2025-02-13 21:18:04.223, 2.85, 3.44, 4.99, 0.00, 60.16, 0.00
2025-02-13 21:18:05.223, 7.67, 3.44, 5.41, 0.00, 110.13, 0.00
2025-02-13 21:18:06.224, 11.10, 3.44, 1.98, 0.00, 160.17, 0.00
2025-02-13 21:18:07.224, 10.67, 3.44, -2.85, 0.00, 210.23, 0.00
2025-02-13 21:18:08.226, 6.68, 3.44, -5.62, 0.00, 260.30, 0.00
2025-02-13 21:18:09.229, 2.00, 3.44, -4.34, 0.00, 310.43, 0.00
2025-02-13 21:18:10.230, -0.02, 3.44, 0.07, 0.00, 0.51, 0.00
2025-02-13 21:18:11.232, 2.06, 3.44, 4.45, 0.00, 50.57, 0.00
2025-02-13 21:18:12.234, 6.77, 3.44, 5.66, 0.00, 100.71, 0.00
2025-02-13 21:18:13.235, 10.70, 3.44, 2.84, 0.00, 150.73, 0.00
2025-02-13 21:18:14.236, 11.07, 3.44, -2.00, 0.00, 200.80, 0.00
2025-02-13 21:18:15.245, 7.60, 3.44, -5.38, 0.00, 250.84, 0.00
2025-02-13 21:18:16.246, 2.74, 3.44, -4.87, 0.00, 301.28, 0.00
2025-02-13 21:18:17.247, 0.05, 3.44, -0.85, 0.00, 351.29, 0.00
2025-02-13 21:18:18.249, 1.41, 3.44, 3.81, 0.00, 41.45, 0.00
2025-02-13 21:18:19.253, 5.86, 3.44, 5.75, 0.00, 91.61, 0.00
2025-02-13 21:18:20.255, 10.20, 3.44, 3.58, 0.00, 141.72, 0.00
2025-02-13 21:18:21.255, 11.32, 3.44, -1.13, 0.00, 191.78, 0.00
2025-02-13 21:18:22.258, 8.42, 3.44, -5.02, 0.00, 241.88, 0.00
2025-02-13 21:18:23.261, 3.57, 3.44, -5.29, 0.00, 292.03, 0.00
2025-02-13 21:18:24.270, 0.28, 3.44, -1.80, 0.00, 341.50, 0.00
2025-02-13 21:18:25.270, 0.87, 3.44, 3.10, 0.00, 32.50, 0.00
2025-02-13 21:18:26.271, 4.96, 3.44, 5.71, 0.00, 82.60, 0.00
2025-02-13 21:18:27.272, 9.58, 3.44, 4.25, 0.00, 132.65, 0.00
2025-02-13 21:18:28.282, 11.43, 3.44, -0.23, 0.00, 182.70, 0.00
2025-02-13 21:18:29.284, 9.15, 3.44, -4.56, 0.00, 233.21, 0.00
2025-02-13 21:18:30.284, 4.41, 3.44, -5.55, 0.00, 283.23, 0.00
2025-02-13 21:18:31.285, 0.60, 3.44, -2.56, 0.00, 333.22, 0.00
2025-02-13 21:18:32.287, 0.45, 3.44, 2.29, 0.00, 23.36, 0.00
2025-02-13 21:18:33.289, 4.07, 3.44, 5.52, 0.00, 73.43, 0.00
2025-02-13 21:18:34.290, 8.86, 3.44, 4.81, 0.00, 123.50, 0.00
2025-02-13 21:18:35.291, 11.40, 3.44, 0.68, 0.00, 173.55, 0.00
2025-02-13 21:18:36.291, 9.87, 3.44, -3.91, 0.00, 223.52, 0.00
2025-02-13 21:18:37.292, 5.36, 3.44, -5.69, 0.00, 273.62, 0.00
2025-02-13 21:18:38.293, 1.10, 3.44, -3.37, 0.00, 323.67, 0.00
2025-02-13 21:18:39.295, 0.14, 3.44, 1.38, 0.00, 13.72, 0.00
2025-02-13 21:18:40.296, 3.17, 3.44, 5.17, 0.00, 63.81, 0.00
2025-02-13 21:18:41.297, 8.01, 3.44, 5.27, 0.00, 113.81, 0.00
2025-02-13 21:18:42.298, 11.21, 3.44, 1.62, 0.00, 163.91, 0.00
2025-02-13 21:18:43.301, 10.46, 3.44, -3.17, 0.00, 214.05, 0.00
2025-02-13 21:18:44.304, 6.30, 3.44, -5.67, 0.00, 264.19, 0.00
2025-02-13 21:18:45.303, 1.72, 3.44, -4.09, 0.00, 314.20, 0.00
2025-02-13 21:18:46.304, 0.00, 3.44, 0.44, 0.00, 4.23, 0.00
2025-02-13 21:18:47.305, 2.36, 3.44, 4.68, 0.00, 54.30, 0.00
2025-02-13 21:18:48.307, 7.12, 3.44, 5.58, 0.00, 104.36, 0.00
2025-02-13 21:18:49.308, 10.87, 3.44, 2.51, 0.00, 154.37, 0.00
2025-02-13 21:18:50.311, 10.93, 3.44, -2.34, 0.00, 204.51, 0.00
2025-02-13 21:18:51.313, 7.28, 3.44, -5.48, 0.00, 254.25, 0.00
2025-02-13 21:18:52.315, 2.45, 3.44, -4.68, 0.00, 304.77, 0.00
2025-02-13 21:18:53.317, 0.01, 3.44, -0.50, 0.00, 354.85, 0.00
2025-02-13 21:18:54.322, 1.62, 3.44, 4.04, 0.00, 44.55, 0.00
2025-02-13 21:18:55.324, 6.21, 3.44, 5.74, 0.00, 95.18, 0.00
2025-02-13 21:18:56.330, 10.40, 3.44, 3.33, 0.00, 145.01, 0.00
2025-02-13 21:18:57.331, 11.23, 3.44, -1.49, 0.00, 195.52, 0.00
2025-02-13 21:18:58.333, 8.10, 3.44, -5.20, 0.00, 245.60, 0.00
2025-02-13 21:18:59.335, 3.24, 3.44, -5.15, 0.00, 295.80, 0.00
2025-02-13 21:19:00.338, 0.16, 3.44, -1.39, 0.00, 345.92, 0.00
